Any
	[0,50)
		[0,10)
			[0,5)
				0
				1
				2
				3
				4
			[5,10)
				5
				6
				7
				8
				9
		[10,20)
			[10,14)
				10
				11
				12
				13
				14
			[15,19)
				15
				16
				17
				18
				19
		[20,30)
			[20,24)
				20
				21
				22
				23
				24
			[25,29)
				25
				26
				27
				28
				29
		[30,40)
			[30,34)
				30
				31
				32
				33
				34
			[35,39)
				35
				36
				37
				38
				39
		[40,50)
			[40,44)
				40
				41
				42
				43
				44
			[45,49)
				45
				46
				47
				48
				49
	[50,100)
		[50,60)
			[50,54)
				50
				51
				52
				53
				54
			[55,59)
				55
				56
				57
				58
				59
		[60,70)
			[60,64)
				60
				61
				62
				63
				64
			[65,69)
				65
				66
				67
				68
				69
		[70,80)
			[70,74)
				70
				71
				72
				73
				74
			[75,79)
				75
				76
				77
				78
				79	
		[80,90)
			[80,84)
				80
				81
				82
				83
				84
			[85,89)
				85
				86
				87
				88
				89
		[90,100)
			[90,94)
				90
				91
				92
				93
				94
			[95,99)
				95
				96
				97
				98
				99